sample/126040009-27-2.jpg 71.7430 102.3792 114.5698 104.2545 91.2401 125.5787 73.0398 150.9204 107.0746 153.2410
sample/128787661-20-7.jpg 108.5154 181.5980 191.6150 177.6985 150.2138 225.7204 125.5950 266.3607 176.8988 266.9312
sample/131410107-22-1.jpg 136.7849 188.2112 235.9965 177.2227 200.0012 243.0848 170.7781 284.1024 230.2926 272.8626
sample/146560489-26-5.jpg 26.0573 41.5779 40.9390 42.2925 33.2351 49.1361 26.2190 57.3324 38.6001 57.6892
sample/128808052-31-1.jpg 157.1257 223.4221 235.9043 250.6236 192.3806 300.1060 130.2716 307.8753 197.7892 330.6581
sample/144016056-25-1.jpg 75.8146 124.2392 121.6753 126.2320 104.8796 150.0484 86.0592 176.7899 117.8865 177.0961
sample/BH67968975_001.jpg 113.9326 177.3874 187.0896 155.0939 163.8224 199.4426 153.6000 254.1089 204.2303 237.0391
sample/128102266-27-2.jpg 40.3817 71.7890 68.0272 68.8909 55.7469 86.9081 48.6360 97.7737 67.3078 95.4245
sample/BH74799117_003.jpg 38.9379 50.1311 61.4952 50.3680 49.6629 62.9344 40.5511 76.5783 59.1819 76.0980
sample/81728801-28-9.jpg 40.8761 56.9843 66.5355 56.5049 54.3039 69.2366 44.1387 81.4519 65.4177 80.2357
